visc ampFrac rslFrac vel
4.00000e-02 8.00000e-01 1.20000e+00 1.04134e+00
4.00000e-02 4.00000e-01 1.20000e+00 5.08639e-02
4.00000e-02 6.00000e-01 1.20000e+00 4.25000e-01
4.00000e-02 7.00000e-01 1.20000e+00 7.12515e-01
4.00000e-02 5.00000e-01 1.20000e+00 1.76844e-01
1.12000e+00 8.00000e-01 1.20000e+00 -2.27118e-01
1.12000e+00 4.00000e-01 1.20000e+00 -6.93319e-02
1.12000e+00 6.00000e-01 1.20000e+00 -1.42565e-01
1.12000e+00 7.00000e-01 1.20000e+00 -1.83624e-01
1.12000e+00 5.00000e-01 1.20000e+00 -1.04042e-01
2.60000e-01 8.00000e-01 1.20000e+00 -6.64295e-02
2.60000e-01 4.00000e-01 1.20000e+00 -4.04390e-02
2.60000e-01 6.00000e-01 1.20000e+00 -6.06952e-02
2.60000e-01 7.00000e-01 1.20000e+00 -6.81027e-02
2.60000e-01 5.00000e-01 1.20000e+00 -5.25251e-02
4.70000e-01 8.00000e-01 1.20000e+00 -1.34838e-01
4.70000e-01 4.00000e-01 1.20000e+00 -5.95145e-02
4.70000e-01 6.00000e-01 1.20000e+00 -1.05084e-01
4.70000e-01 7.00000e-01 1.20000e+00 -1.23216e-01
4.70000e-01 5.00000e-01 1.20000e+00 -8.29975e-02
6.00000e-02 8.00000e-01 1.20000e+00 7.94110e-01
6.00000e-02 4.00000e-01 1.20000e+00 2.57644e-02
6.00000e-02 6.00000e-01 1.20000e+00 2.61516e-01
6.00000e-02 7.00000e-01 1.20000e+00 5.19485e-01
6.00000e-02 5.00000e-01 1.20000e+00 9.14577e-02
3.62000e+00 8.00000e-01 1.20000e+00 -2.56428e-01
3.62000e+00 4.00000e-01 1.20000e+00 -6.14747e-02
3.62000e+00 6.00000e-01 1.20000e+00 -1.38691e-01
3.62000e+00 7.00000e-01 1.20000e+00 -1.90983e-01
3.62000e+00 5.00000e-01 1.20000e+00 -9.59135e-02
8.00000e-02 8.00000e-01 1.20000e+00 5.86782e-01
8.00000e-02 4.00000e-01 1.20000e+00 8.99312e-03
8.00000e-02 6.00000e-01 1.20000e+00 1.53542e-01
8.00000e-02 7.00000e-01 1.20000e+00 3.46658e-01
8.00000e-02 5.00000e-01 1.20000e+00 4.57816e-02
1.00000e-02 8.00000e-01 1.20000e+00 1.36634e+00
1.00000e-02 4.00000e-01 1.20000e+00 8.00288e-02
1.00000e-02 6.00000e-01 1.20000e+00 7.25625e-01
1.00000e-02 7.00000e-01 1.20000e+00 1.09550e+00
1.00000e-02 5.00000e-01 1.20000e+00 3.56552e-01
1.51000e+00 8.00000e-01 1.20000e+00 -2.50915e-01
1.51000e+00 4.00000e-01 1.20000e+00 -6.98076e-02
1.51000e+00 6.00000e-01 1.20000e+00 -1.48713e-01
1.51000e+00 7.00000e-01 1.20000e+00 -1.96562e-01
1.51000e+00 5.00000e-01 1.20000e+00 -1.06352e-01
8.40000e-01 8.00000e-01 1.20000e+00 -2.04079e-01
8.40000e-01 4.00000e-01 1.20000e+00 -7.02322e-02
8.40000e-01 6.00000e-01 1.20000e+00 -1.37465e-01
8.40000e-01 7.00000e-01 1.20000e+00 -1.71667e-01
8.40000e-01 5.00000e-01 1.20000e+00 -1.03084e-01
2.00000e-02 8.00000e-01 1.20000e+00 1.34840e+00
2.00000e-02 4.00000e-01 1.20000e+00 9.47420e-02
2.00000e-02 6.00000e-01 1.20000e+00 6.52628e-01
2.00000e-02 7.00000e-01 1.20000e+00 9.88969e-01
2.00000e-02 5.00000e-01 1.20000e+00 3.15955e-01
3.00000e-02 8.00000e-01 1.20000e+00 1.18712e+00
3.00000e-02 4.00000e-01 1.20000e+00 7.09236e-02
3.00000e-02 6.00000e-01 1.20000e+00 5.31276e-01
3.00000e-02 7.00000e-01 1.20000e+00 8.37442e-01
3.00000e-02 5.00000e-01 1.20000e+00 2.39368e-01
1.50000e-01 8.00000e-01 1.20000e+00 9.86885e-02
1.50000e-01 4.00000e-01 1.20000e+00 -1.80705e-02
1.50000e-01 6.00000e-01 1.20000e+00 -1.50549e-02
1.50000e-01 7.00000e-01 1.20000e+00 2.72587e-02
1.50000e-01 5.00000e-01 1.20000e+00 -1.58237e-02
2.02000e+00 8.00000e-01 1.20000e+00 -2.64488e-01
2.02000e+00 4.00000e-01 1.20000e+00 -6.84998e-02
2.02000e+00 6.00000e-01 1.20000e+00 -1.50020e-01
2.02000e+00 7.00000e-01 1.20000e+00 -2.02133e-01
2.02000e+00 5.00000e-01 1.20000e+00 -1.05614e-01
1.00000e-01 8.00000e-01 1.20000e+00 4.38638e-01
1.00000e-01 4.00000e-01 1.20000e+00 -6.49708e-03
1.00000e-01 6.00000e-01 1.20000e+00 7.93947e-02
1.00000e-01 7.00000e-01 1.20000e+00 2.19924e-01
1.00000e-01 5.00000e-01 1.20000e+00 2.04116e-02
2.00000e-01 8.00000e-01 1.20000e+00 -2.71685e-02
2.00000e-01 4.00000e-01 1.20000e+00 -2.99630e-02
2.00000e-01 6.00000e-01 1.20000e+00 -3.79762e-02
2.00000e-01 7.00000e-01 1.20000e+00 -3.34760e-02
2.00000e-01 5.00000e-01 1.20000e+00 -3.55848e-02
5.00000e-02 8.00000e-01 1.20000e+00 9.08081e-01
5.00000e-02 4.00000e-01 1.20000e+00 3.64773e-02
5.00000e-02 6.00000e-01 1.20000e+00 3.37304e-01
5.00000e-02 7.00000e-01 1.20000e+00 6.10838e-01
5.00000e-02 5.00000e-01 1.20000e+00 1.28538e-01
6.30000e-01 8.00000e-01 1.20000e+00 -1.70500e-01
6.30000e-01 4.00000e-01 1.20000e+00 -6.58333e-02
6.30000e-01 6.00000e-01 1.20000e+00 -1.22968e-01
6.30000e-01 7.00000e-01 1.20000e+00 -1.48561e-01
6.30000e-01 5.00000e-01 1.20000e+00 -9.44229e-02
3.50000e-01 8.00000e-01 1.20000e+00 -1.02247e-01
3.50000e-01 4.00000e-01 1.20000e+00 -5.10864e-02
3.50000e-01 6.00000e-01 1.20000e+00 -8.43764e-02
3.50000e-01 7.00000e-01 1.20000e+00 -9.46012e-02
3.50000e-01 5.00000e-01 1.20000e+00 -6.89630e-02
2.70000e+00 8.00000e-01 1.20000e+00 -2.66210e-01
2.70000e+00 4.00000e-01 1.20000e+00 -6.56317e-02
2.70000e+00 6.00000e-01 1.20000e+00 -1.46493e-01
2.70000e+00 7.00000e-01 1.20000e+00 -2.00033e-01
2.70000e+00 5.00000e-01 1.20000e+00 -1.02054e-01
4.00000e-02 8.00000e-01 1.00000e+00 9.70733e-01
4.00000e-02 4.00000e-01 1.00000e+00 6.01733e-02
4.00000e-02 6.00000e-01 1.00000e+00 4.44077e-01
4.00000e-02 7.00000e-01 1.00000e+00 6.97433e-01
4.00000e-02 5.00000e-01 1.00000e+00 1.98986e-01
1.12000e+00 8.00000e-01 1.00000e+00 -3.25870e-01
1.12000e+00 4.00000e-01 1.00000e+00 -9.62190e-02
1.12000e+00 6.00000e-01 1.00000e+00 -1.98683e-01
1.12000e+00 7.00000e-01 1.00000e+00 -2.59344e-01
1.12000e+00 5.00000e-01 1.00000e+00 -1.44227e-01
2.60000e-01 8.00000e-01 1.00000e+00 -1.04502e-01
2.60000e-01 4.00000e-01 1.00000e+00 -5.81136e-02
2.60000e-01 6.00000e-01 1.00000e+00 -9.36828e-02
2.60000e-01 7.00000e-01 1.00000e+00 -1.06906e-01
2.60000e-01 5.00000e-01 1.00000e+00 -7.72651e-02
4.70000e-01 8.00000e-01 1.00000e+00 -1.90272e-01
4.70000e-01 4.00000e-01 1.00000e+00 -8.33740e-02
4.70000e-01 6.00000e-01 1.00000e+00 -1.49780e-01
4.70000e-01 7.00000e-01 1.00000e+00 -1.78335e-01
4.70000e-01 5.00000e-01 1.00000e+00 -1.16982e-01
6.00000e-02 8.00000e-01 1.00000e+00 7.16625e-01
6.00000e-02 4.00000e-01 1.00000e+00 2.71286e-02
6.00000e-02 6.00000e-01 1.00000e+00 2.75932e-01
6.00000e-02 7.00000e-01 1.00000e+00 4.97816e-01
6.00000e-02 5.00000e-01 1.00000e+00 1.00792e-01
3.62000e+00 8.00000e-01 1.00000e+00 -3.33745e-01
3.62000e+00 4.00000e-01 1.00000e+00 -7.83913e-02
3.62000e+00 6.00000e-01 1.00000e+00 -1.77226e-01
3.62000e+00 7.00000e-01 1.00000e+00 -2.45528e-01
3.62000e+00 5.00000e-01 1.00000e+00 -1.22422e-01
8.00000e-02 8.00000e-01 1.00000e+00 5.23392e-01
8.00000e-02 4.00000e-01 1.00000e+00 6.44852e-03
8.00000e-02 6.00000e-01 1.00000e+00 1.47902e-01
8.00000e-02 7.00000e-01 1.00000e+00 3.23927e-01
8.00000e-02 5.00000e-01 1.00000e+00 4.53779e-02
1.00000e-02 8.00000e-01 1.00000e+00 1.22290e+00
1.00000e-02 4.00000e-01 1.00000e+00 9.61361e-02
1.00000e-02 6.00000e-01 1.00000e+00 7.39588e-01
1.00000e-02 7.00000e-01 1.00000e+00 1.03780e+00
1.00000e-02 5.00000e-01 1.00000e+00 3.99212e-01
1.51000e+00 8.00000e-01 1.00000e+00 -3.56356e-01
1.51000e+00 4.00000e-01 1.00000e+00 -9.55754e-02
1.51000e+00 6.00000e-01 1.00000e+00 -2.04414e-01
1.51000e+00 7.00000e-01 1.00000e+00 -2.73621e-01
1.51000e+00 5.00000e-01 1.00000e+00 -1.45449e-01
8.40000e-01 8.00000e-01 1.00000e+00 -2.86193e-01
8.40000e-01 4.00000e-01 1.00000e+00 -9.80936e-02
8.40000e-01 6.00000e-01 1.00000e+00 -1.92862e-01
8.40000e-01 7.00000e-01 1.00000e+00 -2.42692e-01
8.40000e-01 5.00000e-01 1.00000e+00 -1.43884e-01
2.00000e-02 8.00000e-01 1.00000e+00 1.05564e+00
2.00000e-02 4.00000e-01 1.00000e+00 1.10710e-01
2.00000e-02 6.00000e-01 1.00000e+00 6.69288e-01
2.00000e-02 7.00000e-01 1.00000e+00 8.82781e-01
2.00000e-02 5.00000e-01 1.00000e+00 3.55061e-01
3.00000e-02 8.00000e-01 1.00000e+00 1.00146e+00
3.00000e-02 4.00000e-01 1.00000e+00 8.41253e-02
3.00000e-02 6.00000e-01 1.00000e+00 5.50053e-01
3.00000e-02 7.00000e-01 1.00000e+00 7.70912e-01
3.00000e-02 5.00000e-01 1.00000e+00 2.70861e-01
1.50000e-01 8.00000e-01 1.00000e+00 4.24591e-02
1.50000e-01 4.00000e-01 1.00000e+00 -2.97243e-02
1.50000e-01 6.00000e-01 1.00000e+00 -3.03897e-02
1.50000e-01 7.00000e-01 1.00000e+00 -3.14030e-02
1.50000e-01 5.00000e-01 1.00000e+00 -3.07114e-02
2.02000e+00 8.00000e-01 1.00000e+00 -3.68184e-01
2.02000e+00 4.00000e-01 1.00000e+00 -9.20239e-02
2.02000e+00 6.00000e-01 1.00000e+00 -2.02066e-01
2.02000e+00 7.00000e-01 1.00000e+00 -2.75543e-01
2.02000e+00 5.00000e-01 1.00000e+00 -1.41718e-01
1.00000e-01 8.00000e-01 1.00000e+00 3.73373e-01
1.00000e-01 4.00000e-01 1.00000e+00 -1.13769e-02
1.00000e-01 6.00000e-01 1.00000e+00 6.74147e-02
1.00000e-01 7.00000e-01 1.00000e+00 1.83359e-01
1.00000e-01 5.00000e-01 1.00000e+00 1.49397e-02
2.00000e-01 8.00000e-01 1.00000e+00 -6.16705e-02
2.00000e-01 4.00000e-01 1.00000e+00 -4.49676e-02
2.00000e-01 6.00000e-01 1.00000e+00 -6.46035e-02
2.00000e-01 7.00000e-01 1.00000e+00 -7.01276e-02
2.00000e-01 5.00000e-01 1.00000e+00 -5.66602e-02
5.00000e-02 8.00000e-01 1.00000e+00 9.29046e-01
5.00000e-02 4.00000e-01 1.00000e+00 4.09277e-02
5.00000e-02 6.00000e-01 1.00000e+00 3.54345e-01
5.00000e-02 7.00000e-01 1.00000e+00 5.90718e-01
5.00000e-02 5.00000e-01 1.00000e+00 1.44817e-01
6.30000e-01 8.00000e-01 1.00000e+00 -2.38781e-01
6.30000e-01 4.00000e-01 1.00000e+00 -9.22058e-02
6.30000e-01 6.00000e-01 1.00000e+00 -1.73135e-01
6.30000e-01 7.00000e-01 1.00000e+00 -2.11761e-01
6.30000e-01 5.00000e-01 1.00000e+00 -1.32310e-01
3.50000e-01 8.00000e-01 1.00000e+00 -1.47593e-01
3.50000e-01 4.00000e-01 1.00000e+00 -7.19276e-02
3.50000e-01 6.00000e-01 1.00000e+00 -1.23361e-01
3.50000e-01 7.00000e-01 1.00000e+00 -1.42068e-01
3.50000e-01 5.00000e-01 1.00000e+00 -9.85179e-02
2.70000e+00 8.00000e-01 1.00000e+00 -3.59507e-01
2.70000e+00 4.00000e-01 1.00000e+00 -8.61240e-02
2.70000e+00 6.00000e-01 1.00000e+00 -1.92506e-01
2.70000e+00 7.00000e-01 1.00000e+00 -2.65475e-01
2.70000e+00 5.00000e-01 1.00000e+00 -1.33722e-01
4.00000e-02 8.00000e-01 1.10000e+00 1.02300e+00
4.00000e-02 4.00000e-01 1.10000e+00 5.52512e-02
4.00000e-02 6.00000e-01 1.10000e+00 4.39167e-01
4.00000e-02 7.00000e-01 1.10000e+00 7.16188e-01
4.00000e-02 5.00000e-01 1.10000e+00 1.89309e-01
1.12000e+00 8.00000e-01 1.10000e+00 -2.71010e-01
1.12000e+00 4.00000e-01 1.10000e+00 -8.11350e-02
1.12000e+00 6.00000e-01 1.10000e+00 -1.67111e-01
1.12000e+00 7.00000e-01 1.10000e+00 -2.16964e-01
1.12000e+00 5.00000e-01 1.10000e+00 -1.21598e-01
2.60000e-01 8.00000e-01 1.10000e+00 -8.46492e-02
2.60000e-01 4.00000e-01 1.10000e+00 -4.73865e-02
2.60000e-01 6.00000e-01 1.10000e+00 -7.29206e-02
2.60000e-01 7.00000e-01 1.10000e+00 -8.21287e-02
2.60000e-01 5.00000e-01 1.10000e+00 -6.19382e-02
4.70000e-01 8.00000e-01 1.10000e+00 -1.62260e-01
4.70000e-01 4.00000e-01 1.10000e+00 -6.92620e-02
4.70000e-01 6.00000e-01 1.10000e+00 -1.23372e-01
4.70000e-01 7.00000e-01 1.10000e+00 -1.46737e-01
4.70000e-01 5.00000e-01 1.10000e+00 -9.68953e-02
6.00000e-02 8.00000e-01 1.10000e+00 7.79319e-01
6.00000e-02 4.00000e-01 1.10000e+00 2.72923e-02
6.00000e-02 6.00000e-01 1.10000e+00 2.72743e-01
6.00000e-02 7.00000e-01 1.10000e+00 5.17982e-01
6.00000e-02 5.00000e-01 1.10000e+00 9.73058e-02
3.62000e+00 8.00000e-01 1.10000e+00 -2.93867e-01
3.62000e+00 4.00000e-01 1.10000e+00 -6.95190e-02
3.62000e+00 6.00000e-01 1.10000e+00 -1.57226e-01
3.62000e+00 7.00000e-01 1.10000e+00 -2.17329e-01
3.62000e+00 5.00000e-01 1.10000e+00 -1.08630e-01
8.00000e-02 8.00000e-01 1.10000e+00 5.72471e-01
8.00000e-02 4.00000e-01 1.10000e+00 7.73411e-03
8.00000e-02 6.00000e-01 1.10000e+00 1.59413e-01
8.00000e-02 7.00000e-01 1.10000e+00 3.47556e-01
8.00000e-02 5.00000e-01 1.10000e+00 4.86584e-02
1.00000e-02 8.00000e-01 1.10000e+00 1.48659e+00
1.00000e-02 4.00000e-01 1.10000e+00 8.81139e-02
1.00000e-02 6.00000e-01 1.10000e+00 7.95525e-01
1.00000e-02 7.00000e-01 1.10000e+00 1.06767e+00
1.00000e-02 5.00000e-01 1.10000e+00 3.79926e-01
1.51000e+00 8.00000e-01 1.10000e+00 -2.98415e-01
1.51000e+00 4.00000e-01 1.10000e+00 -8.13862e-02
1.51000e+00 6.00000e-01 1.10000e+00 -1.73669e-01
1.51000e+00 7.00000e-01 1.10000e+00 -2.31180e-01
1.51000e+00 5.00000e-01 1.10000e+00 -1.23860e-01
8.40000e-01 8.00000e-01 1.10000e+00 -2.42944e-01
8.40000e-01 4.00000e-01 1.10000e+00 -8.21202e-02
8.40000e-01 6.00000e-01 1.10000e+00 -1.61297e-01
8.40000e-01 7.00000e-01 1.10000e+00 -2.02777e-01
8.40000e-01 5.00000e-01 1.10000e+00 -1.20537e-01
2.00000e-02 8.00000e-01 1.10000e+00 1.17080e+00
2.00000e-02 4.00000e-01 1.10000e+00 1.02332e-01
2.00000e-02 6.00000e-01 1.10000e+00 6.66510e-01
2.00000e-02 7.00000e-01 1.10000e+00 9.17302e-01
2.00000e-02 5.00000e-01 1.10000e+00 3.37303e-01
3.00000e-02 8.00000e-01 1.10000e+00 1.17596e+00
3.00000e-02 4.00000e-01 1.10000e+00 7.73225e-02
3.00000e-02 6.00000e-01 1.10000e+00 5.49349e-01
3.00000e-02 7.00000e-01 1.10000e+00 8.40341e-01
3.00000e-02 5.00000e-01 1.10000e+00 2.55955e-01
1.50000e-01 8.00000e-01 1.10000e+00 8.05508e-02
1.50000e-01 4.00000e-01 1.10000e+00 -2.25677e-02
1.50000e-01 6.00000e-01 1.10000e+00 -1.92190e-02
1.50000e-01 7.00000e-01 1.10000e+00 1.84385e-02
1.50000e-01 5.00000e-01 1.10000e+00 -2.08122e-02
2.02000e+00 8.00000e-01 1.10000e+00 -3.11895e-01
2.02000e+00 4.00000e-01 1.10000e+00 -7.93399e-02
2.02000e+00 6.00000e-01 1.10000e+00 -1.73828e-01
2.02000e+00 7.00000e-01 1.10000e+00 -2.35759e-01
2.02000e+00 5.00000e-01 1.10000e+00 -1.22172e-01
1.00000e-01 8.00000e-01 1.10000e+00 4.23986e-01
1.00000e-01 4.00000e-01 1.10000e+00 -8.30752e-03
1.00000e-01 6.00000e-01 1.10000e+00 8.07633e-02
1.00000e-01 7.00000e-01 1.10000e+00 2.17871e-01
1.00000e-01 5.00000e-01 1.10000e+00 2.00128e-02
2.00000e-01 8.00000e-01 1.10000e+00 -3.90591e-02
2.00000e-01 4.00000e-01 1.10000e+00 -3.57675e-02
2.00000e-01 6.00000e-01 1.10000e+00 -4.66492e-02
2.00000e-01 7.00000e-01 1.10000e+00 -4.32848e-02
2.00000e-01 5.00000e-01 1.10000e+00 -4.37581e-02
5.00000e-02 8.00000e-01 1.10000e+00 8.93968e-01
5.00000e-02 4.00000e-01 1.10000e+00 3.86980e-02
5.00000e-02 6.00000e-01 1.10000e+00 3.49745e-01
5.00000e-02 7.00000e-01 1.10000e+00 6.10018e-01
5.00000e-02 5.00000e-01 1.10000e+00 1.37837e-01
6.30000e-01 8.00000e-01 1.10000e+00 -2.03656e-01
6.30000e-01 4.00000e-01 1.10000e+00 -7.68235e-02
6.30000e-01 6.00000e-01 1.10000e+00 -1.44095e-01
6.30000e-01 7.00000e-01 1.10000e+00 -1.75870e-01
6.30000e-01 5.00000e-01 1.10000e+00 -1.10314e-01
3.50000e-01 8.00000e-01 1.10000e+00 -1.24518e-01
3.50000e-01 4.00000e-01 1.10000e+00 -5.94785e-02
3.50000e-01 6.00000e-01 1.10000e+00 -9.98585e-02
3.50000e-01 7.00000e-01 1.10000e+00 -1.14048e-01
3.50000e-01 5.00000e-01 1.10000e+00 -8.06998e-02
2.70000e+00 8.00000e-01 1.10000e+00 -3.10112e-01
2.70000e+00 4.00000e-01 1.10000e+00 -7.52335e-02
2.70000e+00 6.00000e-01 1.10000e+00 -1.68035e-01
2.70000e+00 7.00000e-01 1.10000e+00 -2.30735e-01
2.70000e+00 5.00000e-01 1.10000e+00 -1.16877e-01
4.00000e-02 8.00000e-01 1.80000e+00 9.41032e-01
4.00000e-02 4.00000e-01 1.80000e+00 2.86886e-02
4.00000e-02 6.00000e-01 1.80000e+00 3.18341e-01
4.00000e-02 7.00000e-01 1.80000e+00 6.41661e-01
4.00000e-02 5.00000e-01 1.80000e+00 1.10857e-01
1.12000e+00 8.00000e-01 1.80000e+00 -1.24168e-01
1.12000e+00 4.00000e-01 1.80000e+00 -3.89531e-02
1.12000e+00 6.00000e-01 1.80000e+00 -7.97700e-02
1.12000e+00 7.00000e-01 1.80000e+00 -1.01976e-01
1.12000e+00 5.00000e-01 1.80000e+00 -5.84411e-02
2.60000e-01 8.00000e-01 1.80000e+00 -4.90673e-02
2.60000e-01 4.00000e-01 1.80000e+00 -2.27910e-02
2.60000e-01 6.00000e-01 1.80000e+00 -3.68109e-02
2.60000e-01 7.00000e-01 1.80000e+00 -4.62842e-02
2.60000e-01 5.00000e-01 1.80000e+00 -3.02242e-02
4.70000e-01 8.00000e-01 1.80000e+00 -8.14562e-02
4.70000e-01 4.00000e-01 1.80000e+00 -3.44215e-02
4.70000e-01 6.00000e-01 1.80000e+00 -6.28876e-02
4.70000e-01 7.00000e-01 1.80000e+00 -7.46175e-02
4.70000e-01 5.00000e-01 1.80000e+00 -4.91641e-02
6.00000e-02 8.00000e-01 1.80000e+00 7.03793e-01
6.00000e-02 4.00000e-01 1.80000e+00 1.44494e-02
6.00000e-02 6.00000e-01 1.80000e+00 1.83720e-01
6.00000e-02 7.00000e-01 1.80000e+00 4.20484e-01
6.00000e-02 5.00000e-01 1.80000e+00 5.53156e-02
3.62000e+00 8.00000e-01 1.80000e+00 -1.28564e-01
3.62000e+00 4.00000e-01 1.80000e+00 -3.17437e-02
3.62000e+00 6.00000e-01 1.80000e+00 -7.12958e-02
3.62000e+00 7.00000e-01 1.80000e+00 -9.74472e-02
3.62000e+00 5.00000e-01 1.80000e+00 -4.95185e-02
8.00000e-02 8.00000e-01 1.80000e+00 5.04251e-01
8.00000e-02 4.00000e-01 1.80000e+00 4.78833e-03
8.00000e-02 6.00000e-01 1.80000e+00 9.75304e-02
8.00000e-02 7.00000e-01 1.80000e+00 2.73111e-01
8.00000e-02 5.00000e-01 1.80000e+00 2.75188e-02
1.00000e-02 8.00000e-01 1.80000e+00 1.45850e+00
1.00000e-02 4.00000e-01 1.80000e+00 4.08742e-02
1.00000e-02 6.00000e-01 1.80000e+00 4.72074e-01
1.00000e-02 7.00000e-01 1.80000e+00 9.38115e-01
1.00000e-02 5.00000e-01 1.80000e+00 2.03349e-01
1.51000e+00 8.00000e-01 1.80000e+00 -1.31617e-01
1.51000e+00 4.00000e-01 1.80000e+00 -3.79600e-02
1.51000e+00 6.00000e-01 1.80000e+00 -8.01654e-02
1.51000e+00 7.00000e-01 1.80000e+00 -1.05048e-01
1.51000e+00 5.00000e-01 1.80000e+00 -5.77043e-02
8.40000e-01 8.00000e-01 1.80000e+00 -1.15896e-01
8.40000e-01 4.00000e-01 1.80000e+00 -4.04656e-02
8.40000e-01 6.00000e-01 1.80000e+00 -7.95599e-02
8.40000e-01 7.00000e-01 1.80000e+00 -9.89245e-02
8.40000e-01 5.00000e-01 1.80000e+00 -5.97126e-02
2.00000e-02 8.00000e-01 1.80000e+00 1.13730e+00
2.00000e-02 4.00000e-01 1.80000e+00 4.80872e-02
2.00000e-02 6.00000e-01 1.80000e+00 5.54046e-01
2.00000e-02 7.00000e-01 1.80000e+00 9.03164e-01
2.00000e-02 5.00000e-01 1.80000e+00 2.01980e-01
3.00000e-02 8.00000e-01 1.80000e+00 1.08904e+00
3.00000e-02 4.00000e-01 1.80000e+00 3.93148e-02
3.00000e-02 6.00000e-01 1.80000e+00 4.13011e-01
3.00000e-02 7.00000e-01 1.80000e+00 7.66884e-01
3.00000e-02 5.00000e-01 1.80000e+00 1.53918e-01
1.50000e-01 8.00000e-01 1.80000e+00 4.85616e-02
1.50000e-01 4.00000e-01 1.80000e+00 -1.03760e-02
1.50000e-01 6.00000e-01 1.80000e+00 -1.06805e-02
1.50000e-01 7.00000e-01 1.80000e+00 -1.18745e-02
1.50000e-01 5.00000e-01 1.80000e+00 -9.96393e-03
2.02000e+00 8.00000e-01 1.80000e+00 -1.34059e-01
2.02000e+00 4.00000e-01 1.80000e+00 -3.61753e-02
2.02000e+00 6.00000e-01 1.80000e+00 -7.83945e-02
2.02000e+00 7.00000e-01 1.80000e+00 -1.04669e-01
2.02000e+00 5.00000e-01 1.80000e+00 -5.56774e-02
1.00000e-01 8.00000e-01 1.80000e+00 3.45259e-01
1.00000e-01 4.00000e-01 1.80000e+00 -4.36045e-03
1.00000e-01 6.00000e-01 1.80000e+00 4.72303e-02
1.00000e-01 7.00000e-01 1.80000e+00 1.45345e-01
1.00000e-01 5.00000e-01 1.80000e+00 1.14220e-02
2.00000e-01 8.00000e-01 1.80000e+00 -2.50902e-02
2.00000e-01 4.00000e-01 1.80000e+00 -1.66280e-02
2.00000e-01 6.00000e-01 1.80000e+00 -2.59653e-02
2.00000e-01 7.00000e-01 1.80000e+00 -2.63776e-02
2.00000e-01 5.00000e-01 1.80000e+00 -2.08592e-02
5.00000e-02 8.00000e-01 1.80000e+00 8.12072e-01
5.00000e-02 4.00000e-01 1.80000e+00 2.02766e-02
5.00000e-02 6.00000e-01 1.80000e+00 2.45965e-01
5.00000e-02 7.00000e-01 1.80000e+00 5.18392e-01
5.00000e-02 5.00000e-01 1.80000e+00 7.83299e-02
6.30000e-01 8.00000e-01 1.80000e+00 -1.00446e-01
6.30000e-01 4.00000e-01 1.80000e+00 -3.84371e-02
6.30000e-01 6.00000e-01 1.80000e+00 -7.28063e-02
6.30000e-01 7.00000e-01 1.80000e+00 -8.85281e-02
6.30000e-01 5.00000e-01 1.80000e+00 -5.57190e-02
3.50000e-01 8.00000e-01 1.80000e+00 -6.69764e-02
3.50000e-01 4.00000e-01 1.80000e+00 -2.90341e-02
3.50000e-01 6.00000e-01 1.80000e+00 -5.04351e-02
3.50000e-01 7.00000e-01 1.80000e+00 -5.81670e-02
3.50000e-01 5.00000e-01 1.80000e+00 -4.01563e-02
2.70000e+00 8.00000e-01 1.80000e+00 -1.32705e-01
2.70000e+00 4.00000e-01 1.80000e+00 -3.40110e-02
2.70000e+00 6.00000e-01 1.80000e+00 -7.52759e-02
2.70000e+00 7.00000e-01 1.80000e+00 -1.01902e-01
2.70000e+00 5.00000e-01 1.80000e+00 -5.28045e-02
4.00000e-02 8.00000e-01 1.30000e+00 1.05654e+00
4.00000e-02 4.00000e-01 1.30000e+00 4.56452e-02
4.00000e-02 6.00000e-01 1.30000e+00 4.15385e-01
4.00000e-02 7.00000e-01 1.30000e+00 7.14896e-01
4.00000e-02 5.00000e-01 1.30000e+00 1.67383e-01
1.12000e+00 8.00000e-01 1.30000e+00 -1.94558e-01
1.12000e+00 4.00000e-01 1.30000e+00 -6.03789e-02
1.12000e+00 6.00000e-01 1.30000e+00 -1.23135e-01
1.12000e+00 7.00000e-01 1.30000e+00 -1.58420e-01
1.12000e+00 5.00000e-01 1.30000e+00 -9.01950e-02
2.60000e-01 8.00000e-01 1.30000e+00 -6.33336e-02
2.60000e-01 4.00000e-01 1.30000e+00 -3.56978e-02
2.60000e-01 6.00000e-01 1.30000e+00 -5.36484e-02
2.60000e-01 7.00000e-01 1.30000e+00 -6.22439e-02
2.60000e-01 5.00000e-01 1.30000e+00 -4.58611e-02
4.70000e-01 8.00000e-01 1.30000e+00 -1.19137e-01
4.70000e-01 4.00000e-01 1.30000e+00 -5.23207e-02
4.70000e-01 6.00000e-01 1.30000e+00 -9.23856e-02
4.70000e-01 7.00000e-01 1.30000e+00 -1.08920e-01
4.70000e-01 5.00000e-01 1.30000e+00 -7.29367e-02
6.00000e-02 8.00000e-01 1.30000e+00 8.02487e-01
6.00000e-02 4.00000e-01 1.30000e+00 2.29131e-02
6.00000e-02 6.00000e-01 1.30000e+00 2.55407e-01
6.00000e-02 7.00000e-01 1.30000e+00 5.16645e-01
6.00000e-02 5.00000e-01 1.30000e+00 8.73064e-02
3.62000e+00 8.00000e-01 1.30000e+00 -2.23715e-01
3.62000e+00 4.00000e-01 1.30000e+00 -5.42203e-02
3.62000e+00 6.00000e-01 1.30000e+00 -1.22039e-01
3.62000e+00 7.00000e-01 1.30000e+00 -1.67583e-01
3.62000e+00 5.00000e-01 1.30000e+00 -8.44411e-02
8.00000e-02 8.00000e-01 1.30000e+00 5.90787e-01
8.00000e-02 4.00000e-01 1.30000e+00 9.09405e-03
8.00000e-02 6.00000e-01 1.30000e+00 1.46105e-01
8.00000e-02 7.00000e-01 1.30000e+00 3.58198e-01
8.00000e-02 5.00000e-01 1.30000e+00 4.46242e-02
1.00000e-02 8.00000e-01 1.30000e+00 1.50341e+00
1.00000e-02 4.00000e-01 1.30000e+00 7.08857e-02
1.00000e-02 6.00000e-01 1.30000e+00 7.28575e-01
1.00000e-02 7.00000e-01 1.30000e+00 1.18455e+00
1.00000e-02 5.00000e-01 1.30000e+00 3.37304e-01
1.51000e+00 8.00000e-01 1.30000e+00 -2.14231e-01
1.51000e+00 4.00000e-01 1.30000e+00 -6.06472e-02
1.51000e+00 6.00000e-01 1.30000e+00 -1.28359e-01
1.51000e+00 7.00000e-01 1.30000e+00 -1.68917e-01
1.51000e+00 5.00000e-01 1.30000e+00 -9.22313e-02
8.40000e-01 8.00000e-01 1.30000e+00 -1.76806e-01
8.40000e-01 4.00000e-01 1.30000e+00 -6.13442e-02
8.40000e-01 6.00000e-01 1.30000e+00 -1.19724e-01
8.40000e-01 7.00000e-01 1.30000e+00 -1.49220e-01
8.40000e-01 5.00000e-01 1.30000e+00 -8.97828e-02
2.00000e-02 8.00000e-01 1.30000e+00 1.39557e+00
2.00000e-02 4.00000e-01 1.30000e+00 8.38055e-02
2.00000e-02 6.00000e-01 1.30000e+00 6.49356e-01
2.00000e-02 7.00000e-01 1.30000e+00 9.54162e-01
2.00000e-02 5.00000e-01 1.30000e+00 2.99330e-01
3.00000e-02 8.00000e-01 1.30000e+00 1.19783e+00
3.00000e-02 4.00000e-01 1.30000e+00 6.37439e-02
3.00000e-02 6.00000e-01 1.30000e+00 5.20155e-01
3.00000e-02 7.00000e-01 1.30000e+00 8.39638e-01
3.00000e-02 5.00000e-01 1.30000e+00 2.29057e-01
1.50000e-01 8.00000e-01 1.30000e+00 9.72435e-02
1.50000e-01 4.00000e-01 1.30000e+00 -1.54550e-02
1.50000e-01 6.00000e-01 1.30000e+00 -1.30774e-02
1.50000e-01 7.00000e-01 1.30000e+00 2.79613e-02
1.50000e-01 5.00000e-01 1.30000e+00 -1.25395e-02
2.02000e+00 8.00000e-01 1.30000e+00 -2.26395e-01
2.02000e+00 4.00000e-01 1.30000e+00 -5.95984e-02
2.02000e+00 6.00000e-01 1.30000e+00 -1.29936e-01
2.02000e+00 7.00000e-01 1.30000e+00 -1.74340e-01
2.02000e+00 5.00000e-01 1.30000e+00 -9.17770e-02
1.00000e-01 8.00000e-01 1.30000e+00 4.40019e-01
1.00000e-01 4.00000e-01 1.30000e+00 -5.70546e-03
1.00000e-01 6.00000e-01 1.30000e+00 7.64129e-02
1.00000e-01 7.00000e-01 1.30000e+00 2.15735e-01
1.00000e-01 5.00000e-01 1.30000e+00 2.05460e-02
2.00000e-01 8.00000e-01 1.30000e+00 -2.34409e-02
2.00000e-01 4.00000e-01 1.30000e+00 -2.62234e-02
2.00000e-01 6.00000e-01 1.30000e+00 -3.43653e-02
2.00000e-01 7.00000e-01 1.30000e+00 -3.19281e-02
2.00000e-01 5.00000e-01 1.30000e+00 -3.09328e-02
5.00000e-02 8.00000e-01 1.30000e+00 9.24473e-01
5.00000e-02 4.00000e-01 1.30000e+00 3.21566e-02
5.00000e-02 6.00000e-01 1.30000e+00 3.28723e-01
5.00000e-02 7.00000e-01 1.30000e+00 6.14611e-01
5.00000e-02 5.00000e-01 1.30000e+00 1.21742e-01
6.30000e-01 8.00000e-01 1.30000e+00 -1.48769e-01
6.30000e-01 4.00000e-01 1.30000e+00 -5.77165e-02
6.30000e-01 6.00000e-01 1.30000e+00 -1.07831e-01
6.30000e-01 7.00000e-01 1.30000e+00 -1.30117e-01
6.30000e-01 5.00000e-01 1.30000e+00 -8.27419e-02
3.50000e-01 8.00000e-01 1.30000e+00 -9.24702e-02
3.50000e-01 4.00000e-01 1.30000e+00 -4.50841e-02
3.50000e-01 6.00000e-01 1.30000e+00 -7.42930e-02
3.50000e-01 7.00000e-01 1.30000e+00 -8.40027e-02
3.50000e-01 5.00000e-01 1.30000e+00 -6.05935e-02
2.70000e+00 8.00000e-01 1.30000e+00 -2.29515e-01
2.70000e+00 4.00000e-01 1.30000e+00 -5.74145e-02
2.70000e+00 6.00000e-01 1.30000e+00 -1.27699e-01
2.70000e+00 7.00000e-01 1.30000e+00 -1.73702e-01
2.70000e+00 5.00000e-01 1.30000e+00 -8.90868e-02
4.00000e-02 8.00000e-01 1.50000e+00 1.01779e+00
4.00000e-02 4.00000e-01 1.50000e+00 4.86524e-02
4.00000e-02 6.00000e-01 1.50000e+00 3.87544e-01
4.00000e-02 7.00000e-01 1.50000e+00 6.92518e-01
4.00000e-02 5.00000e-01 1.50000e+00 1.57980e-01
1.12000e+00 8.00000e-01 1.50000e+00 -1.54883e-01
1.12000e+00 4.00000e-01 1.50000e+00 -4.80459e-02
1.12000e+00 6.00000e-01 1.50000e+00 -9.85489e-02
1.12000e+00 7.00000e-01 1.50000e+00 -1.26624e-01
1.12000e+00 5.00000e-01 1.50000e+00 -7.18648e-02
2.60000e-01 8.00000e-01 1.50000e+00 -5.48746e-02
2.60000e-01 4.00000e-01 1.50000e+00 -2.73901e-02
2.60000e-01 6.00000e-01 1.50000e+00 -4.41462e-02
2.60000e-01 7.00000e-01 1.50000e+00 -5.34117e-02
2.60000e-01 5.00000e-01 1.50000e+00 -3.64377e-02
4.70000e-01 8.00000e-01 1.50000e+00 -9.95295e-02
4.70000e-01 4.00000e-01 1.50000e+00 -4.23317e-02
4.70000e-01 6.00000e-01 1.50000e+00 -7.69315e-02
4.70000e-01 7.00000e-01 1.50000e+00 -9.10781e-02
4.70000e-01 5.00000e-01 1.50000e+00 -6.01854e-02
6.00000e-02 8.00000e-01 1.50000e+00 7.61953e-01
6.00000e-02 4.00000e-01 1.50000e+00 2.74899e-02
6.00000e-02 6.00000e-01 1.50000e+00 2.33845e-01
6.00000e-02 7.00000e-01 1.50000e+00 4.86588e-01
6.00000e-02 5.00000e-01 1.50000e+00 8.33241e-02
3.62000e+00 8.00000e-01 1.50000e+00 -1.73976e-01
3.62000e+00 4.00000e-01 1.50000e+00 -4.20962e-02
3.62000e+00 6.00000e-01 1.50000e+00 -9.54030e-02
3.62000e+00 7.00000e-01 1.50000e+00 -1.31044e-01
3.62000e+00 5.00000e-01 1.50000e+00 -6.59756e-02
8.00000e-02 8.00000e-01 1.50000e+00 5.67987e-01
8.00000e-02 4.00000e-01 1.50000e+00 1.26042e-02
8.00000e-02 6.00000e-01 1.50000e+00 1.33311e-01
8.00000e-02 7.00000e-01 1.50000e+00 3.30213e-01
8.00000e-02 5.00000e-01 1.50000e+00 4.40290e-02
1.00000e-02 8.00000e-01 1.50000e+00 1.46240e+00
1.00000e-02 4.00000e-01 1.50000e+00 7.11004e-02
1.00000e-02 6.00000e-01 1.50000e+00 7.55728e-01
1.00000e-02 7.00000e-01 1.50000e+00 1.17853e+00
1.00000e-02 5.00000e-01 1.50000e+00 3.12239e-01
1.51000e+00 8.00000e-01 1.50000e+00 -1.66920e-01
1.51000e+00 4.00000e-01 1.50000e+00 -4.77545e-02
1.51000e+00 6.00000e-01 1.50000e+00 -1.00953e-01
1.51000e+00 7.00000e-01 1.50000e+00 -1.32581e-01
1.51000e+00 5.00000e-01 1.50000e+00 -7.22561e-02
8.40000e-01 8.00000e-01 1.50000e+00 -1.43386e-01
8.40000e-01 4.00000e-01 1.50000e+00 -4.95347e-02
8.40000e-01 6.00000e-01 1.50000e+00 -9.74509e-02
8.40000e-01 7.00000e-01 1.50000e+00 -1.21720e-01
8.40000e-01 5.00000e-01 1.50000e+00 -7.28978e-02
2.00000e-02 8.00000e-01 1.50000e+00 1.27987e+00
2.00000e-02 4.00000e-01 1.50000e+00 8.34468e-02
2.00000e-02 6.00000e-01 1.50000e+00 6.49087e-01
2.00000e-02 7.00000e-01 1.50000e+00 9.82376e-01
2.00000e-02 5.00000e-01 1.50000e+00 2.75994e-01
3.00000e-02 8.00000e-01 1.50000e+00 1.17713e+00
3.00000e-02 4.00000e-01 1.50000e+00 6.56793e-02
3.00000e-02 6.00000e-01 1.50000e+00 4.94450e-01
3.00000e-02 7.00000e-01 1.50000e+00 8.21302e-01
3.00000e-02 5.00000e-01 1.50000e+00 2.11980e-01
1.50000e-01 8.00000e-01 1.50000e+00 8.11410e-02
1.50000e-01 4.00000e-01 1.50000e+00 -1.04003e-02
1.50000e-01 6.00000e-01 1.50000e+00 -9.99389e-03
1.50000e-01 7.00000e-01 1.50000e+00 2.25583e-02
1.50000e-01 5.00000e-01 1.50000e+00 -9.65042e-03
2.02000e+00 8.00000e-01 1.50000e+00 -1.74670e-01
2.02000e+00 4.00000e-01 1.50000e+00 -4.65761e-02
2.02000e+00 6.00000e-01 1.50000e+00 -1.01310e-01
2.02000e+00 7.00000e-01 1.50000e+00 -1.35531e-01
2.02000e+00 5.00000e-01 1.50000e+00 -7.13763e-02
1.00000e-01 8.00000e-01 1.50000e+00 4.05348e-01
1.00000e-01 4.00000e-01 1.50000e+00 -4.32494e-03
1.00000e-01 6.00000e-01 1.50000e+00 6.95082e-02
1.00000e-01 7.00000e-01 1.50000e+00 1.90835e-01
1.00000e-01 5.00000e-01 1.50000e+00 2.19053e-02
2.00000e-01 8.00000e-01 1.50000e+00 -2.04847e-02
2.00000e-01 4.00000e-01 1.50000e+00 -1.91878e-02
2.00000e-01 6.00000e-01 1.50000e+00 -2.79362e-02
2.00000e-01 7.00000e-01 1.50000e+00 -2.72868e-02
2.00000e-01 5.00000e-01 1.50000e+00 -2.40349e-02
5.00000e-02 8.00000e-01 1.50000e+00 8.80615e-01
5.00000e-02 4.00000e-01 1.50000e+00 3.61762e-02
5.00000e-02 6.00000e-01 1.50000e+00 3.03783e-01
5.00000e-02 7.00000e-01 1.50000e+00 5.90429e-01
5.00000e-02 5.00000e-01 1.50000e+00 1.15198e-01
6.30000e-01 8.00000e-01 1.50000e+00 -1.22717e-01
6.30000e-01 4.00000e-01 1.50000e+00 -4.69842e-02
6.30000e-01 6.00000e-01 1.50000e+00 -8.90041e-02
6.30000e-01 7.00000e-01 1.50000e+00 -1.07728e-01
6.30000e-01 5.00000e-01 1.50000e+00 -6.80842e-02
3.50000e-01 8.00000e-01 1.50000e+00 -7.95428e-02
3.50000e-01 4.00000e-01 1.50000e+00 -3.55695e-02
3.50000e-01 6.00000e-01 1.50000e+00 -6.19289e-02
3.50000e-01 7.00000e-01 1.50000e+00 -7.09675e-02
3.50000e-01 5.00000e-01 1.50000e+00 -4.93826e-02
2.70000e+00 8.00000e-01 1.50000e+00 -1.77205e-01
2.70000e+00 4.00000e-01 1.50000e+00 -4.46138e-02
2.70000e+00 6.00000e-01 1.50000e+00 -9.93913e-02
2.70000e+00 7.00000e-01 1.50000e+00 -1.35013e-01
2.70000e+00 5.00000e-01 1.50000e+00 -6.91955e-02
4.00000e-02 8.00000e-01 2.00000e+00 8.84076e-01
4.00000e-02 4.00000e-01 2.00000e+00 1.63131e-02
4.00000e-02 6.00000e-01 2.00000e+00 2.69982e-01
4.00000e-02 7.00000e-01 2.00000e+00 5.74878e-01
4.00000e-02 5.00000e-01 2.00000e+00 8.38506e-02
1.12000e+00 8.00000e-01 2.00000e+00 -1.13247e-01
1.12000e+00 4.00000e-01 2.00000e+00 -3.50284e-02
1.12000e+00 6.00000e-01 2.00000e+00 -7.18995e-02
1.12000e+00 7.00000e-01 2.00000e+00 -9.26527e-02
1.12000e+00 5.00000e-01 2.00000e+00 -5.24475e-02
2.60000e-01 8.00000e-01 2.00000e+00 -4.80870e-02
2.60000e-01 4.00000e-01 2.00000e+00 -2.02103e-02
2.60000e-01 6.00000e-01 2.00000e+00 -3.41471e-02
2.60000e-01 7.00000e-01 2.00000e+00 -4.47288e-02
2.60000e-01 5.00000e-01 2.00000e+00 -2.73767e-02
4.70000e-01 8.00000e-01 2.00000e+00 -7.57344e-02
4.70000e-01 4.00000e-01 2.00000e+00 -3.10368e-02
4.70000e-01 6.00000e-01 2.00000e+00 -5.76196e-02
4.70000e-01 7.00000e-01 2.00000e+00 -6.87611e-02
4.70000e-01 5.00000e-01 2.00000e+00 -4.45433e-02
6.00000e-02 8.00000e-01 2.00000e+00 6.65485e-01
6.00000e-02 4.00000e-01 2.00000e+00 8.49386e-03
6.00000e-02 6.00000e-01 2.00000e+00 1.48633e-01
6.00000e-02 7.00000e-01 2.00000e+00 3.71877e-01
6.00000e-02 5.00000e-01 2.00000e+00 4.02730e-02
3.62000e+00 8.00000e-01 2.00000e+00 -1.11471e-01
3.62000e+00 4.00000e-01 2.00000e+00 -2.73468e-02
3.62000e+00 6.00000e-01 2.00000e+00 -6.18654e-02
3.62000e+00 7.00000e-01 2.00000e+00 -8.44544e-02
3.62000e+00 5.00000e-01 2.00000e+00 -4.27804e-02
8.00000e-02 8.00000e-01 2.00000e+00 4.56552e-01
8.00000e-02 4.00000e-01 2.00000e+00 -3.98611e-03
8.00000e-02 6.00000e-01 2.00000e+00 7.43900e-02
8.00000e-02 7.00000e-01 2.00000e+00 2.30773e-01
8.00000e-02 5.00000e-01 2.00000e+00 1.93967e-02
1.00000e-02 8.00000e-01 2.00000e+00 1.59695e+00
1.00000e-02 4.00000e-01 2.00000e+00 2.35539e-02
1.00000e-02 6.00000e-01 2.00000e+00 5.39196e-01
1.00000e-02 7.00000e-01 2.00000e+00 7.37764e-01
1.00000e-02 5.00000e-01 2.00000e+00 1.58289e-01
1.51000e+00 8.00000e-01 2.00000e+00 -1.18231e-01
1.51000e+00 4.00000e-01 2.00000e+00 -3.39384e-02
1.51000e+00 6.00000e-01 2.00000e+00 -7.17085e-02
1.51000e+00 7.00000e-01 2.00000e+00 -9.44302e-02
1.51000e+00 5.00000e-01 2.00000e+00 -5.14092e-02
8.40000e-01 8.00000e-01 2.00000e+00 -1.06632e-01
8.40000e-01 4.00000e-01 2.00000e+00 -3.65024e-02
8.40000e-01 6.00000e-01 2.00000e+00 -7.21193e-02
8.40000e-01 7.00000e-01 2.00000e+00 -9.03699e-02
8.40000e-01 5.00000e-01 2.00000e+00 -5.38182e-02
2.00000e-02 8.00000e-01 2.00000e+00 9.73805e-01
2.00000e-02 4.00000e-01 2.00000e+00 2.68224e-02
2.00000e-02 6.00000e-01 2.00000e+00 4.64721e-01
2.00000e-02 7.00000e-01 2.00000e+00 8.28812e-01
2.00000e-02 5.00000e-01 2.00000e+00 1.53829e-01
3.00000e-02 8.00000e-01 2.00000e+00 1.02063e+00
3.00000e-02 4.00000e-01 2.00000e+00 2.24882e-02
3.00000e-02 6.00000e-01 2.00000e+00 3.49870e-01
3.00000e-02 7.00000e-01 2.00000e+00 7.14442e-01
3.00000e-02 5.00000e-01 2.00000e+00 1.17897e-01
1.50000e-01 8.00000e-01 2.00000e+00 2.42356e-02
1.50000e-01 4.00000e-01 2.00000e+00 -9.34898e-03
1.50000e-01 6.00000e-01 2.00000e+00 -1.02895e-02
1.50000e-01 7.00000e-01 2.00000e+00 -1.46970e-02
1.50000e-01 5.00000e-01 2.00000e+00 -9.91455e-03
2.02000e+00 8.00000e-01 2.00000e+00 -1.18967e-01
2.02000e+00 4.00000e-01 2.00000e+00 -3.20396e-02
2.02000e+00 6.00000e-01 2.00000e+00 -6.94885e-02
2.02000e+00 7.00000e-01 2.00000e+00 -9.30270e-02
2.02000e+00 5.00000e-01 2.00000e+00 -4.91252e-02
1.00000e-01 8.00000e-01 2.00000e+00 2.98590e-01
1.00000e-01 4.00000e-01 2.00000e+00 -4.46659e-03
1.00000e-01 6.00000e-01 2.00000e+00 3.35847e-02
1.00000e-01 7.00000e-01 2.00000e+00 1.11724e-01
1.00000e-01 5.00000e-01 2.00000e+00 6.99360e-03
2.00000e-01 8.00000e-01 2.00000e+00 -3.09461e-02
2.00000e-01 4.00000e-01 2.00000e+00 -1.50317e-02
2.00000e-01 6.00000e-01 2.00000e+00 -2.65020e-02
2.00000e-01 7.00000e-01 2.00000e+00 -2.93534e-02
2.00000e-01 5.00000e-01 2.00000e+00 -1.94575e-02
5.00000e-02 8.00000e-01 2.00000e+00 7.64773e-01
5.00000e-02 4.00000e-01 2.00000e+00 1.16060e-02
5.00000e-02 6.00000e-01 2.00000e+00 2.04061e-01
5.00000e-02 7.00000e-01 2.00000e+00 4.61587e-01
5.00000e-02 5.00000e-01 2.00000e+00 5.82588e-02
6.30000e-01 8.00000e-01 2.00000e+00 -9.21264e-02
6.30000e-01 4.00000e-01 2.00000e+00 -3.45868e-02
6.30000e-01 6.00000e-01 2.00000e+00 -6.62655e-02
6.30000e-01 7.00000e-01 2.00000e+00 -8.06859e-02
6.30000e-01 5.00000e-01 2.00000e+00 -5.04142e-02
3.50000e-01 8.00000e-01 2.00000e+00 -6.38885e-02
3.50000e-01 4.00000e-01 2.00000e+00 -2.60361e-02
3.50000e-01 6.00000e-01 2.00000e+00 -4.64444e-02
3.50000e-01 7.00000e-01 2.00000e+00 -5.46330e-02
3.50000e-01 5.00000e-01 2.00000e+00 -3.65616e-02
2.70000e+00 8.00000e-01 2.00000e+00 -1.16383e-01
2.70000e+00 4.00000e-01 2.00000e+00 -2.97379e-02
2.70000e+00 6.00000e-01 2.00000e+00 -6.60083e-02
2.70000e+00 7.00000e-01 2.00000e+00 -8.94423e-02
2.70000e+00 5.00000e-01 2.00000e+00 -4.61136e-02
4.00000e-02 8.00000e-01 1.60000e+00 9.92984e-01
4.00000e-02 4.00000e-01 1.60000e+00 4.41884e-02
4.00000e-02 6.00000e-01 1.60000e+00 3.67166e-01
4.00000e-02 7.00000e-01 1.60000e+00 6.77868e-01
4.00000e-02 5.00000e-01 1.60000e+00 1.46404e-01
1.12000e+00 8.00000e-01 1.60000e+00 -1.41720e-01
1.12000e+00 4.00000e-01 1.60000e+00 -4.42820e-02
1.12000e+00 6.00000e-01 1.60000e+00 -9.05094e-02
1.12000e+00 7.00000e-01 1.60000e+00 -1.16182e-01
1.12000e+00 5.00000e-01 1.60000e+00 -6.59286e-02
2.60000e-01 8.00000e-01 1.60000e+00 -5.19341e-02
2.60000e-01 4.00000e-01 1.60000e+00 -2.46072e-02
2.60000e-01 6.00000e-01 1.60000e+00 -4.05241e-02
2.60000e-01 7.00000e-01 1.60000e+00 -4.96696e-02
2.60000e-01 5.00000e-01 1.60000e+00 -3.32005e-02
4.70000e-01 8.00000e-01 1.60000e+00 -9.18202e-02
4.70000e-01 4.00000e-01 1.60000e+00 -3.88823e-02
4.70000e-01 6.00000e-01 1.60000e+00 -7.08946e-02
4.70000e-01 7.00000e-01 1.60000e+00 -8.39436e-02
4.70000e-01 5.00000e-01 1.60000e+00 -5.53934e-02
6.00000e-02 8.00000e-01 1.60000e+00 7.42592e-01
6.00000e-02 4.00000e-01 1.60000e+00 2.44579e-02
6.00000e-02 6.00000e-01 1.60000e+00 2.20317e-01
6.00000e-02 7.00000e-01 1.60000e+00 4.66148e-01
6.00000e-02 5.00000e-01 1.60000e+00 7.68947e-02
3.62000e+00 8.00000e-01 1.60000e+00 -1.55385e-01
3.62000e+00 4.00000e-01 1.60000e+00 -3.77035e-02
3.62000e+00 6.00000e-01 1.60000e+00 -8.54904e-02
3.62000e+00 7.00000e-01 1.60000e+00 -1.17354e-01
3.62000e+00 5.00000e-01 1.60000e+00 -5.92693e-02
8.00000e-02 8.00000e-01 1.60000e+00 5.48607e-01
8.00000e-02 4.00000e-01 1.60000e+00 1.22194e-02
8.00000e-02 6.00000e-01 1.60000e+00 1.24046e-01
8.00000e-02 7.00000e-01 1.60000e+00 3.12498e-01
8.00000e-02 5.00000e-01 1.60000e+00 4.14070e-02
1.00000e-02 8.00000e-01 1.60000e+00 1.38979e+00
1.00000e-02 4.00000e-01 1.60000e+00 6.16182e-02
1.00000e-02 6.00000e-01 1.60000e+00 6.43100e-01
1.00000e-02 7.00000e-01 1.60000e+00 1.10857e+00
1.00000e-02 5.00000e-01 1.60000e+00 2.85588e-01
1.51000e+00 8.00000e-01 1.60000e+00 -1.51973e-01
1.51000e+00 4.00000e-01 1.60000e+00 -4.36458e-02
1.51000e+00 6.00000e-01 1.60000e+00 -9.23087e-02
1.51000e+00 7.00000e-01 1.60000e+00 -1.20919e-01
1.51000e+00 5.00000e-01 1.60000e+00 -6.60096e-02
8.40000e-01 8.00000e-01 1.60000e+00 -1.31951e-01
8.40000e-01 4.00000e-01 1.60000e+00 -4.56390e-02
8.40000e-01 6.00000e-01 1.60000e+00 -8.98088e-02
8.40000e-01 7.00000e-01 1.60000e+00 -1.12274e-01
8.40000e-01 5.00000e-01 1.60000e+00 -6.69967e-02
2.00000e-02 8.00000e-01 1.60000e+00 1.18942e+00
2.00000e-02 4.00000e-01 1.60000e+00 7.39123e-02
2.00000e-02 6.00000e-01 1.60000e+00 6.30438e-01
2.00000e-02 7.00000e-01 1.60000e+00 9.59302e-01
2.00000e-02 5.00000e-01 1.60000e+00 2.56432e-01
3.00000e-02 8.00000e-01 1.60000e+00 1.14798e+00
3.00000e-02 4.00000e-01 1.60000e+00 5.89521e-02
3.00000e-02 6.00000e-01 1.60000e+00 4.71675e-01
3.00000e-02 7.00000e-01 1.60000e+00 8.03013e-01
3.00000e-02 5.00000e-01 1.60000e+00 1.97217e-01
1.50000e-01 8.00000e-01 1.60000e+00 7.24045e-02
1.50000e-01 4.00000e-01 1.60000e+00 -8.28301e-03
1.50000e-01 6.00000e-01 1.60000e+00 -9.99210e-03
1.50000e-01 7.00000e-01 1.60000e+00 1.89818e-02
1.50000e-01 5.00000e-01 1.60000e+00 -8.86377e-03
2.02000e+00 8.00000e-01 1.60000e+00 -1.57746e-01
2.02000e+00 4.00000e-01 1.60000e+00 -4.21868e-02
2.02000e+00 6.00000e-01 1.60000e+00 -9.18038e-02
2.02000e+00 7.00000e-01 1.60000e+00 -1.22558e-01
2.02000e+00 5.00000e-01 1.60000e+00 -6.46250e-02
1.00000e-01 8.00000e-01 1.60000e+00 3.86910e-01
1.00000e-01 4.00000e-01 1.60000e+00 -3.83385e-03
1.00000e-01 6.00000e-01 1.60000e+00 6.41108e-02
1.00000e-01 7.00000e-01 1.60000e+00 1.76908e-01
1.00000e-01 5.00000e-01 1.60000e+00 2.02962e-02
2.00000e-01 8.00000e-01 1.60000e+00 -2.11564e-02
2.00000e-01 4.00000e-01 1.60000e+00 -1.66764e-02
2.00000e-01 6.00000e-01 1.60000e+00 -2.57816e-02
2.00000e-01 7.00000e-01 1.60000e+00 -2.60804e-02
2.00000e-01 5.00000e-01 1.60000e+00 -2.11551e-02
5.00000e-02 8.00000e-01 1.60000e+00 8.56947e-01
5.00000e-02 4.00000e-01 1.60000e+00 3.26353e-02
5.00000e-02 6.00000e-01 1.60000e+00 2.87024e-01
5.00000e-02 7.00000e-01 1.60000e+00 5.73375e-01
5.00000e-02 5.00000e-01 1.60000e+00 1.06362e-01
6.30000e-01 8.00000e-01 1.60000e+00 -1.13609e-01
6.30000e-01 4.00000e-01 1.60000e+00 -4.32897e-02
6.30000e-01 6.00000e-01 1.60000e+00 -8.20732e-02
6.30000e-01 7.00000e-01 1.60000e+00 -9.97199e-02
6.30000e-01 5.00000e-01 1.60000e+00 -6.26701e-02
3.50000e-01 8.00000e-01 1.60000e+00 -7.42453e-02
3.50000e-01 4.00000e-01 1.60000e+00 -3.25089e-02
3.50000e-01 6.00000e-01 1.60000e+00 -5.69110e-02
3.50000e-01 7.00000e-01 1.60000e+00 -6.56643e-02
3.50000e-01 5.00000e-01 1.60000e+00 -4.52701e-02
2.70000e+00 8.00000e-01 1.60000e+00 -1.58768e-01
2.70000e+00 4.00000e-01 1.60000e+00 -4.01410e-02
2.70000e+00 6.00000e-01 1.60000e+00 -8.93882e-02
2.70000e+00 7.00000e-01 1.60000e+00 -1.21229e-01
2.70000e+00 5.00000e-01 1.60000e+00 -6.23052e-02
4.00000e-02 8.00000e-01 1.40000e+00 1.04573e+00
4.00000e-02 4.00000e-01 1.40000e+00 4.47652e-02
4.00000e-02 6.00000e-01 1.40000e+00 4.06527e-01
4.00000e-02 7.00000e-01 1.40000e+00 7.07033e-01
4.00000e-02 5.00000e-01 1.40000e+00 1.64123e-01
1.12000e+00 8.00000e-01 1.40000e+00 -1.71738e-01
1.12000e+00 4.00000e-01 1.40000e+00 -5.34712e-02
1.12000e+00 6.00000e-01 1.40000e+00 -1.08755e-01
1.12000e+00 7.00000e-01 1.40000e+00 -1.40060e-01
1.12000e+00 5.00000e-01 1.40000e+00 -7.97492e-02
2.60000e-01 8.00000e-01 1.40000e+00 -5.87927e-02
2.60000e-01 4.00000e-01 1.40000e+00 -3.16814e-02
2.60000e-01 6.00000e-01 1.40000e+00 -4.89437e-02
2.60000e-01 7.00000e-01 1.40000e+00 -5.80224e-02
2.60000e-01 5.00000e-01 1.40000e+00 -4.11003e-02
4.70000e-01 8.00000e-01 1.40000e+00 -1.08588e-01
4.70000e-01 4.00000e-01 1.40000e+00 -4.68150e-02
4.70000e-01 6.00000e-01 1.40000e+00 -8.38997e-02
4.70000e-01 7.00000e-01 1.40000e+00 -9.94554e-02
4.70000e-01 5.00000e-01 1.40000e+00 -6.58123e-02
6.00000e-02 8.00000e-01 1.40000e+00 7.87943e-01
6.00000e-02 4.00000e-01 1.40000e+00 2.42330e-02
6.00000e-02 6.00000e-01 1.40000e+00 2.46916e-01
6.00000e-02 7.00000e-01 1.40000e+00 5.04999e-01
6.00000e-02 5.00000e-01 1.40000e+00 8.55348e-02
3.62000e+00 8.00000e-01 1.40000e+00 -1.96487e-01
3.62000e+00 4.00000e-01 1.40000e+00 -4.77221e-02
3.62000e+00 6.00000e-01 1.40000e+00 -1.07459e-01
3.62000e+00 7.00000e-01 1.40000e+00 -1.47578e-01
3.62000e+00 5.00000e-01 1.40000e+00 -7.43393e-02
8.00000e-02 8.00000e-01 1.40000e+00 5.82369e-01
8.00000e-02 4.00000e-01 1.40000e+00 9.95689e-03
8.00000e-02 6.00000e-01 1.40000e+00 1.40738e-01
8.00000e-02 7.00000e-01 1.40000e+00 3.46416e-01
8.00000e-02 5.00000e-01 1.40000e+00 4.46663e-02
1.00000e-02 8.00000e-01 1.40000e+00 1.06490e+00
1.00000e-02 4.00000e-01 1.40000e+00 7.05403e-02
1.00000e-02 6.00000e-01 1.40000e+00 7.88310e-01
1.00000e-02 7.00000e-01 1.40000e+00 1.22383e+00
1.00000e-02 5.00000e-01 1.40000e+00 3.32845e-01
1.51000e+00 8.00000e-01 1.40000e+00 -1.87013e-01
1.51000e+00 4.00000e-01 1.40000e+00 -5.34162e-02
1.51000e+00 6.00000e-01 1.40000e+00 -1.12583e-01
1.51000e+00 7.00000e-01 1.40000e+00 -1.48157e-01
1.51000e+00 5.00000e-01 1.40000e+00 -8.08624e-02
8.40000e-01 8.00000e-01 1.40000e+00 -1.57784e-01
8.40000e-01 4.00000e-01 1.40000e+00 -5.47313e-02
8.40000e-01 6.00000e-01 1.40000e+00 -1.06901e-01
8.40000e-01 7.00000e-01 1.40000e+00 -1.33554e-01
8.40000e-01 5.00000e-01 1.40000e+00 -8.00919e-02
2.00000e-02 8.00000e-01 1.40000e+00 1.38844e+00
2.00000e-02 4.00000e-01 1.40000e+00 8.12715e-02
2.00000e-02 6.00000e-01 1.40000e+00 6.53396e-01
2.00000e-02 7.00000e-01 1.40000e+00 1.00917e+00
2.00000e-02 5.00000e-01 1.40000e+00 2.87964e-01
3.00000e-02 8.00000e-01 1.40000e+00 1.21160e+00
3.00000e-02 4.00000e-01 1.40000e+00 6.20190e-02
3.00000e-02 6.00000e-01 1.40000e+00 5.14956e-01
3.00000e-02 7.00000e-01 1.40000e+00 8.35922e-01
3.00000e-02 5.00000e-01 1.40000e+00 2.21013e-01
1.50000e-01 8.00000e-01 1.40000e+00 9.03583e-02
1.50000e-01 4.00000e-01 1.40000e+00 -1.34221e-02
1.50000e-01 6.00000e-01 1.40000e+00 -1.16468e-02
1.50000e-01 7.00000e-01 1.40000e+00 2.44812e-02
1.50000e-01 5.00000e-01 1.40000e+00 -1.10609e-02
2.02000e+00 8.00000e-01 1.40000e+00 -1.97248e-01
2.02000e+00 4.00000e-01 1.40000e+00 -5.24212e-02
2.02000e+00 6.00000e-01 1.40000e+00 -1.13619e-01
2.02000e+00 7.00000e-01 1.40000e+00 -1.52461e-01
2.02000e+00 5.00000e-01 1.40000e+00 -8.02527e-02
1.00000e-01 8.00000e-01 1.40000e+00 4.27153e-01
1.00000e-01 4.00000e-01 1.40000e+00 -5.23110e-03
1.00000e-01 6.00000e-01 1.40000e+00 7.34139e-02
1.00000e-01 7.00000e-01 1.40000e+00 2.04752e-01
1.00000e-01 5.00000e-01 1.40000e+00 2.17456e-02
2.00000e-01 8.00000e-01 1.40000e+00 -2.17141e-02
2.00000e-01 4.00000e-01 1.40000e+00 -2.27371e-02
2.00000e-01 6.00000e-01 1.40000e+00 -3.14353e-02
2.00000e-01 7.00000e-01 1.40000e+00 -3.01924e-02
2.00000e-01 5.00000e-01 1.40000e+00 -2.75730e-02
5.00000e-02 8.00000e-01 1.40000e+00 9.07409e-01
5.00000e-02 4.00000e-01 1.40000e+00 3.21481e-02
5.00000e-02 6.00000e-01 1.40000e+00 3.19924e-01
5.00000e-02 7.00000e-01 1.40000e+00 6.02581e-01
5.00000e-02 5.00000e-01 1.40000e+00 1.19283e-01
6.30000e-01 8.00000e-01 1.40000e+00 -1.34015e-01
6.30000e-01 4.00000e-01 1.40000e+00 -5.16096e-02
6.30000e-01 6.00000e-01 1.40000e+00 -9.71845e-02
6.30000e-01 7.00000e-01 1.40000e+00 -1.17642e-01
6.30000e-01 5.00000e-01 1.40000e+00 -7.44240e-02
3.50000e-01 8.00000e-01 1.40000e+00 -8.55863e-02
3.50000e-01 4.00000e-01 1.40000e+00 -4.00142e-02
3.50000e-01 6.00000e-01 1.40000e+00 -6.77131e-02
3.50000e-01 7.00000e-01 1.40000e+00 -7.73063e-02
3.50000e-01 5.00000e-01 1.40000e+00 -5.44767e-02
2.70000e+00 8.00000e-01 1.40000e+00 -2.00445e-01
2.70000e+00 4.00000e-01 1.40000e+00 -5.04828e-02
2.70000e+00 6.00000e-01 1.40000e+00 -1.11878e-01
2.70000e+00 7.00000e-01 1.40000e+00 -1.52260e-01
2.70000e+00 5.00000e-01 1.40000e+00 -7.80425e-02
2.00000e+03 4.00000e-01 1.00000e+00 -5.31513e-04
2.00000e+03 5.00000e-01 1.00000e+00 -8.41193e-04
2.00000e+03 6.00000e-01 1.00000e+00 -1.23674e-03
2.00000e+03 7.00000e-01 1.00000e+00 -1.65101e-03
2.00000e+03 8.00000e-01 1.00000e+00 -2.18428e-03
2.00000e+01 4.00000e-01 1.00000e+00 -2.79192e-02
2.00000e+01 5.00000e-01 1.00000e+00 -4.42318e-02
2.00000e+01 6.00000e-01 1.00000e+00 -6.39773e-02
2.00000e+01 7.00000e-01 1.00000e+00 -8.76675e-02
2.00000e+01 8.00000e-01 1.00000e+00 -1.16414e-01
4.00000e+01 4.00000e-01 1.00000e+00 -1.72916e-02
4.00000e+01 5.00000e-01 1.00000e+00 -2.70188e-02
4.00000e+01 6.00000e-01 1.00000e+00 -3.91277e-02
4.00000e+01 7.00000e-01 1.00000e+00 -5.35910e-02
4.00000e+01 8.00000e-01 1.00000e+00 -7.03799e-02
4.00000e+00 4.00000e-01 1.00000e+00 -7.32734e-02
4.00000e+00 5.00000e-01 1.00000e+00 -1.14749e-01
4.00000e+00 6.00000e-01 1.00000e+00 -1.66374e-01
4.00000e+00 7.00000e-01 1.00000e+00 -2.30716e-01
4.00000e+00 8.00000e-01 1.00000e+00 -3.13781e-01
8.00000e+00 4.00000e-01 1.00000e+00 -5.08524e-02
8.00000e+00 5.00000e-01 1.00000e+00 -7.93944e-02
8.00000e+00 6.00000e-01 1.00000e+00 -1.15806e-01
8.00000e+00 7.00000e-01 1.00000e+00 -1.60380e-01
8.00000e+00 8.00000e-01 1.00000e+00 -2.15478e-01
2.00000e+03 4.00000e-01 1.10000e+00 -5.08197e-04
2.00000e+03 5.00000e-01 1.10000e+00 -7.77538e-04
2.00000e+03 6.00000e-01 1.10000e+00 -1.11761e-03
2.00000e+03 7.00000e-01 1.10000e+00 -1.54840e-03
2.00000e+03 8.00000e-01 1.10000e+00 -1.99896e-03
2.00000e+01 4.00000e-01 1.10000e+00 -2.63596e-02
2.00000e+01 5.00000e-01 1.10000e+00 -4.12109e-02
2.00000e+01 6.00000e-01 1.10000e+00 -5.98994e-02
2.00000e+01 7.00000e-01 1.10000e+00 -8.21175e-02
2.00000e+01 8.00000e-01 1.10000e+00 -1.08947e-01
4.00000e+01 4.00000e-01 1.10000e+00 -1.63496e-02
4.00000e+01 5.00000e-01 1.10000e+00 -2.56619e-02
4.00000e+01 6.00000e-01 1.10000e+00 -3.70147e-02
4.00000e+01 7.00000e-01 1.10000e+00 -5.06449e-02
4.00000e+01 8.00000e-01 1.10000e+00 -6.65742e-02
4.00000e+00 4.00000e-01 1.10000e+00 -6.52062e-02
4.00000e+00 5.00000e-01 1.10000e+00 -1.02075e-01
4.00000e+00 6.00000e-01 1.10000e+00 -1.47928e-01
4.00000e+00 7.00000e-01 1.10000e+00 -2.04670e-01
4.00000e+00 8.00000e-01 1.10000e+00 -2.76561e-01
8.00000e+00 4.00000e-01 1.10000e+00 -4.62195e-02
8.00000e+00 5.00000e-01 1.10000e+00 -7.28075e-02
8.00000e+00 6.00000e-01 1.10000e+00 -1.05934e-01
8.00000e+00 7.00000e-01 1.10000e+00 -1.46402e-01
8.00000e+00 8.00000e-01 1.10000e+00 -1.96143e-01
2.00000e+03 4.00000e-01 1.20000e+00 -4.75430e-04
2.00000e+03 5.00000e-01 1.20000e+00 -7.18660e-04
2.00000e+03 6.00000e-01 1.20000e+00 -1.03150e-03
2.00000e+03 7.00000e-01 1.20000e+00 -1.41943e-03
2.00000e+03 8.00000e-01 1.20000e+00 -1.87348e-03
2.00000e+01 4.00000e-01 1.20000e+00 -2.45566e-02
2.00000e+01 5.00000e-01 1.20000e+00 -3.83067e-02
2.00000e+01 6.00000e-01 1.20000e+00 -5.59481e-02
2.00000e+01 7.00000e-01 1.20000e+00 -7.66407e-02
2.00000e+01 8.00000e-01 1.20000e+00 -1.01573e-01
4.00000e+01 4.00000e-01 1.20000e+00 -1.55130e-02
4.00000e+01 5.00000e-01 1.20000e+00 -2.41996e-02
4.00000e+01 6.00000e-01 1.20000e+00 -3.48707e-02
4.00000e+01 7.00000e-01 1.20000e+00 -4.77423e-02
4.00000e+01 8.00000e-01 1.20000e+00 -6.27262e-02
4.00000e+00 4.00000e-01 1.20000e+00 -5.78693e-02
4.00000e+00 5.00000e-01 1.20000e+00 -9.03852e-02
4.00000e+00 6.00000e-01 1.20000e+00 -1.30965e-01
4.00000e+00 7.00000e-01 1.20000e+00 -1.80585e-01
4.00000e+00 8.00000e-01 1.20000e+00 -2.42390e-01
8.00000e+00 4.00000e-01 1.20000e+00 -4.18841e-02
8.00000e+00 5.00000e-01 1.20000e+00 -6.65167e-02
8.00000e+00 6.00000e-01 1.20000e+00 -9.61639e-02
8.00000e+00 7.00000e-01 1.20000e+00 -1.32965e-01
8.00000e+00 8.00000e-01 1.20000e+00 -1.77985e-01
2.00000e+03 4.00000e-01 1.30000e+00 -4.30063e-04
2.00000e+03 5.00000e-01 1.30000e+00 -6.41384e-04
2.00000e+03 6.00000e-01 1.30000e+00 -9.39992e-04
2.00000e+03 7.00000e-01 1.30000e+00 -1.32825e-03
2.00000e+03 8.00000e-01 1.30000e+00 -1.73498e-03
2.00000e+01 4.00000e-01 1.30000e+00 -2.27263e-02
2.00000e+01 5.00000e-01 1.30000e+00 -3.56077e-02
2.00000e+01 6.00000e-01 1.30000e+00 -5.21449e-02
2.00000e+01 7.00000e-01 1.30000e+00 -7.12275e-02
2.00000e+01 8.00000e-01 1.30000e+00 -9.41481e-02
4.00000e+01 4.00000e-01 1.30000e+00 -1.45572e-02
4.00000e+01 5.00000e-01 1.30000e+00 -2.26659e-02
4.00000e+01 6.00000e-01 1.30000e+00 -3.27714e-02
4.00000e+01 7.00000e-01 1.30000e+00 -4.48599e-02
4.00000e+01 8.00000e-01 1.30000e+00 -5.89924e-02
4.00000e+00 4.00000e-01 1.30000e+00 -5.11756e-02
4.00000e+00 5.00000e-01 1.30000e+00 -7.98064e-02
4.00000e+00 6.00000e-01 1.30000e+00 -1.15647e-01
4.00000e+00 7.00000e-01 1.30000e+00 -1.59053e-01
4.00000e+00 8.00000e-01 1.30000e+00 -2.12349e-01
8.00000e+00 4.00000e-01 1.30000e+00 -3.80314e-02
8.00000e+00 5.00000e-01 1.30000e+00 -6.01086e-02
8.00000e+00 6.00000e-01 1.30000e+00 -8.69236e-02
8.00000e+00 7.00000e-01 1.30000e+00 -1.20350e-01
8.00000e+00 8.00000e-01 1.30000e+00 -1.60733e-01
2.00000e+03 4.00000e-01 1.40000e+00 -4.09651e-04
2.00000e+03 5.00000e-01 1.40000e+00 -6.05284e-04
2.00000e+03 6.00000e-01 1.40000e+00 -8.94167e-04
2.00000e+03 7.00000e-01 1.40000e+00 -1.21495e-03
2.00000e+03 8.00000e-01 1.40000e+00 -1.59527e-03
2.00000e+01 4.00000e-01 1.40000e+00 -2.09643e-02
2.00000e+01 5.00000e-01 1.40000e+00 -3.31910e-02
2.00000e+01 6.00000e-01 1.40000e+00 -4.79978e-02
2.00000e+01 7.00000e-01 1.40000e+00 -6.60598e-02
2.00000e+01 8.00000e-01 1.40000e+00 -8.71462e-02
4.00000e+01 4.00000e-01 1.40000e+00 -1.35922e-02
4.00000e+01 5.00000e-01 1.40000e+00 -2.12201e-02
4.00000e+01 6.00000e-01 1.40000e+00 -3.07359e-02
4.00000e+01 7.00000e-01 1.40000e+00 -4.19718e-02
4.00000e+01 8.00000e-01 1.40000e+00 -5.52341e-02
4.00000e+00 4.00000e-01 1.40000e+00 -4.50454e-02
4.00000e+00 5.00000e-01 1.40000e+00 -7.03718e-02
4.00000e+00 6.00000e-01 1.40000e+00 -1.01916e-01
4.00000e+00 7.00000e-01 1.40000e+00 -1.40183e-01
4.00000e+00 8.00000e-01 1.40000e+00 -1.86872e-01
8.00000e+00 4.00000e-01 1.40000e+00 -3.44812e-02
8.00000e+00 5.00000e-01 1.40000e+00 -5.39111e-02
8.00000e+00 6.00000e-01 1.40000e+00 -7.83244e-02
8.00000e+00 7.00000e-01 1.40000e+00 -1.08546e-01
8.00000e+00 8.00000e-01 1.40000e+00 -1.44588e-01
2.00000e+03 4.00000e-01 1.50000e+00 -3.69307e-04
2.00000e+03 5.00000e-01 1.50000e+00 -5.51759e-04
2.00000e+03 6.00000e-01 1.50000e+00 -8.21696e-04
2.00000e+03 7.00000e-01 1.50000e+00 -1.15449e-03
2.00000e+03 8.00000e-01 1.50000e+00 -1.48071e-03
2.00000e+01 4.00000e-01 1.50000e+00 -1.94934e-02
2.00000e+01 5.00000e-01 1.50000e+00 -3.05025e-02
2.00000e+01 6.00000e-01 1.50000e+00 -4.41935e-02
2.00000e+01 7.00000e-01 1.50000e+00 -6.11724e-02
2.00000e+01 8.00000e-01 1.50000e+00 -8.07422e-02
4.00000e+01 4.00000e-01 1.50000e+00 -1.27247e-02
4.00000e+01 5.00000e-01 1.50000e+00 -1.99250e-02
4.00000e+01 6.00000e-01 1.50000e+00 -2.86755e-02
4.00000e+01 7.00000e-01 1.50000e+00 -3.91710e-02
4.00000e+01 8.00000e-01 1.50000e+00 -5.16008e-02
4.00000e+00 4.00000e-01 1.50000e+00 -3.97635e-02
4.00000e+00 5.00000e-01 1.50000e+00 -6.25530e-02
4.00000e+00 6.00000e-01 1.50000e+00 -9.04927e-02
4.00000e+00 7.00000e-01 1.50000e+00 -1.24609e-01
4.00000e+00 8.00000e-01 1.50000e+00 -1.65696e-01
8.00000e+00 4.00000e-01 1.50000e+00 -3.07681e-02
8.00000e+00 5.00000e-01 1.50000e+00 -4.83293e-02
8.00000e+00 6.00000e-01 1.50000e+00 -7.08249e-02
8.00000e+00 7.00000e-01 1.50000e+00 -9.76904e-02
8.00000e+00 8.00000e-01 1.50000e+00 -1.30427e-01
2.00000e+03 4.00000e-01 1.60000e+00 -3.35004e-04
2.00000e+03 5.00000e-01 1.60000e+00 -5.02405e-04
2.00000e+03 6.00000e-01 1.60000e+00 -7.54785e-04
2.00000e+03 7.00000e-01 1.60000e+00 -1.04504e-03
2.00000e+03 8.00000e-01 1.60000e+00 -1.38254e-03
2.00000e+01 4.00000e-01 1.60000e+00 -1.79189e-02
2.00000e+01 5.00000e-01 1.60000e+00 -2.80362e-02
2.00000e+01 6.00000e-01 1.60000e+00 -4.07862e-02
2.00000e+01 7.00000e-01 1.60000e+00 -5.65724e-02
2.00000e+01 8.00000e-01 1.60000e+00 -7.46827e-02
4.00000e+01 4.00000e-01 1.60000e+00 -1.18633e-02
4.00000e+01 5.00000e-01 1.60000e+00 -1.85208e-02
4.00000e+01 6.00000e-01 1.60000e+00 -2.66985e-02
4.00000e+01 7.00000e-01 1.60000e+00 -3.65273e-02
4.00000e+01 8.00000e-01 1.60000e+00 -4.81027e-02
4.00000e+00 4.00000e-01 1.60000e+00 -3.56421e-02
4.00000e+00 5.00000e-01 1.60000e+00 -5.61775e-02
4.00000e+00 6.00000e-01 1.60000e+00 -8.10751e-02
4.00000e+00 7.00000e-01 1.60000e+00 -1.11594e-01
4.00000e+00 8.00000e-01 1.60000e+00 -1.47920e-01
8.00000e+00 4.00000e-01 1.60000e+00 -2.76695e-02
8.00000e+00 5.00000e-01 1.60000e+00 -4.36765e-02
8.00000e+00 6.00000e-01 1.60000e+00 -6.41110e-02
8.00000e+00 7.00000e-01 1.60000e+00 -8.81979e-02
8.00000e+00 8.00000e-01 1.60000e+00 -1.18131e-01
2.00000e+03 4.00000e-01 1.80000e+00 -2.93442e-04
2.00000e+03 5.00000e-01 1.80000e+00 -4.35544e-04
2.00000e+03 6.00000e-01 1.80000e+00 -6.52949e-04
2.00000e+03 7.00000e-01 1.80000e+00 -8.81400e-04
2.00000e+03 8.00000e-01 1.80000e+00 -1.16133e-03
2.00000e+01 4.00000e-01 1.80000e+00 -1.54269e-02
2.00000e+01 5.00000e-01 1.80000e+00 -2.42865e-02
2.00000e+01 6.00000e-01 1.80000e+00 -3.50909e-02
2.00000e+01 7.00000e-01 1.80000e+00 -4.83376e-02
2.00000e+01 8.00000e-01 1.80000e+00 -6.40804e-02
4.00000e+01 4.00000e-01 1.80000e+00 -1.02577e-02
4.00000e+01 5.00000e-01 1.80000e+00 -1.61082e-02
4.00000e+01 6.00000e-01 1.80000e+00 -2.33324e-02
4.00000e+01 7.00000e-01 1.80000e+00 -3.17479e-02
4.00000e+01 8.00000e-01 1.80000e+00 -4.16660e-02
4.00000e+00 4.00000e-01 1.80000e+00 -2.99665e-02
4.00000e+00 5.00000e-01 1.80000e+00 -4.67049e-02
4.00000e+00 6.00000e-01 1.80000e+00 -6.75168e-02
4.00000e+00 7.00000e-01 1.80000e+00 -9.23801e-02
4.00000e+00 8.00000e-01 1.80000e+00 -1.22290e-01
8.00000e+00 4.00000e-01 1.80000e+00 -2.32709e-02
8.00000e+00 5.00000e-01 1.80000e+00 -3.64928e-02
8.00000e+00 6.00000e-01 1.80000e+00 -5.32004e-02
8.00000e+00 7.00000e-01 1.80000e+00 -7.33750e-02
8.00000e+00 8.00000e-01 1.80000e+00 -9.77907e-02
2.00000e+03 4.00000e-01 2.00000e+00 -2.43039e-04
2.00000e+03 5.00000e-01 2.00000e+00 -3.60308e-04
2.00000e+03 6.00000e-01 2.00000e+00 -5.59302e-04
2.00000e+03 7.00000e-01 2.00000e+00 -7.57007e-04
2.00000e+03 8.00000e-01 2.00000e+00 -9.99309e-04
2.00000e+01 4.00000e-01 2.00000e+00 -1.32181e-02
2.00000e+01 5.00000e-01 2.00000e+00 -2.07446e-02
2.00000e+01 6.00000e-01 2.00000e+00 -3.01456e-02
2.00000e+01 7.00000e-01 2.00000e+00 -4.15535e-02
2.00000e+01 8.00000e-01 2.00000e+00 -5.52356e-02
4.00000e+01 4.00000e-01 2.00000e+00 -8.92120e-03
4.00000e+01 5.00000e-01 2.00000e+00 -1.39332e-02
4.00000e+01 6.00000e-01 2.00000e+00 -2.00763e-02
4.00000e+01 7.00000e-01 2.00000e+00 -2.74231e-02
4.00000e+01 8.00000e-01 2.00000e+00 -3.59979e-02
4.00000e+00 4.00000e-01 2.00000e+00 -2.56786e-02
4.00000e+00 5.00000e-01 2.00000e+00 -4.01960e-02
4.00000e+00 6.00000e-01 2.00000e+00 -5.83715e-02
4.00000e+00 7.00000e-01 2.00000e+00 -7.97052e-02
4.00000e+00 8.00000e-01 2.00000e+00 -1.05557e-01
8.00000e+00 4.00000e-01 2.00000e+00 -1.95545e-02
8.00000e+00 5.00000e-01 2.00000e+00 -3.08765e-02
8.00000e+00 6.00000e-01 2.00000e+00 -4.52654e-02
8.00000e+00 7.00000e-01 2.00000e+00 -6.27050e-02
8.00000e+00 8.00000e-01 2.00000e+00 -8.31259e-02
